0 1 2 3 4 5 6 7 8 9 10 11 12 13 14 15 16 17 18 19 20 21 22 23 24 25 26 27 28 29 30 31 32 33 34
1 0 -1 -1 -1 -1 -1 -1 -1 -1 -1 -1 -1 -1 -1 -1 -1 -1 -1 -1 -1 -1 -1 -1 -1 -1 -1 -1 -1 -1 -1 -1 -1 -1 -1
2 -1 0 1.142579239 3.709424284 0.9045455024 3.807874792 3.324563756 2.124732773 2.404518521 2.686269057 3.186443391 3.90621258 2.925556159 2.796982102 4.247659947 -1 5.258429802 4.30708108 4.966799274 5.120052259 4.768993318 4.92012403 8.699400191 5.072815187 5.716628928 5.497336823 6.061393819 6.688789227 -1 7.025579678 7.221710066 7.139449689 -1 8.521545327
3 -1 1.142579239 0 3.70806733 1.439267957 3.988309868 3.72759525 2.535519651 2.797778225 3.065024581 3.556199043 4.276678878 3.299259865 3.175900776 4.62039452 -1 5.634149884 4.683104057 5.342750587 5.496002454 5.144955529 5.296086507 9.075361006 5.448776736 6.092589782 5.87329793 6.437354759 7.064750166 -1 7.401540617 7.597671004 7.515410628 -1 8.897506258
4 -1 3.709424284 3.70806733 0 3.673341192 2.557299195 4.610094252 3.498622784 3.578710894 3.695211793 4.092848397 4.820714058 3.876942308 3.807782771 5.188003604 -1 6.232789011 5.284891198 5.943792953 6.097033247 5.746110245 5.8972449 9.676502052 6.049925479 6.6937313 6.474440466 7.038497153 7.665892513 -1 8.00268302 8.198813435 8.116553031 -1 9.498648669
5 -1 0.9045455024 1.439267957 3.673341192 0 3.64899998 3.015336109 1.810266766 2.101890671 2.393437995 2.899691481 3.618980662 2.636137519 2.50404102 3.958896062 -1 4.967649189 4.016095881 4.675862474 4.829116206 4.478049217 4.62917969 8.408456985 4.781871475 5.425685685 5.206393669 5.770450519 6.397845926 -1 6.734636377 6.930766765 6.848506388 -1 8.230602026
6 -1 3.807874792 3.988309868 2.557299195 3.64899998 0 4.102015927 3.019390582 3.034283926 3.096836074 3.46099735 4.191506242 3.259776188 3.210013888 4.567232422 -1 5.62312286 4.67635166 5.334986874 5.488223026 5.137344401 5.288480345 9.067731288 5.44115747 6.084960707 5.865670236 6.429726873 7.05712229 -1 7.393912742 7.59004313 7.507782754 -1 8.889878392
7 -1 3.324563756 3.72759525 4.610094252 3.015336109 4.102015927 0 1.770254364 2.11096338 2.405264847 2.913940117 3.633102467 2.649408328 2.516288787 3.972509796 -1 4.980593896 4.028972716 4.688755366 4.842009348 4.490939685 4.64207008 8.42134775 4.794762073 5.438576439 5.219284401 5.783341254 6.410736662 -1 6.747527113 6.9436575 6.861397123 -1 8.243492762
8 -1 2.124732773 2.535519651 3.498622784 1.810266766 3.019390582 1.770254364 0 0.9837627626 1.298721028 1.819776938 2.537929926 1.549787906 1.409321772 2.874174898 -1 3.878096583 2.926053123 3.585935692 3.739191167 3.388104919 3.539234827 7.31851483 3.691928231 4.335743449 4.116451268 4.680508147 5.307903554 -1 5.644694005 5.840824392 5.758564015 -1 7.140659652
9 -1 2.404518521 2.797778225 3.578710894 2.101890671 3.034283926 2.11096338 0.9837627626 0 0.9574772816 1.553513436 2.265687323 1.250792825 1.066783945 2.583076931 -1 3.562180258 2.607618963 3.268097201 3.421361998 3.070176518 3.221303558 7.000597429 3.374004455 4.017825675 3.798532688 4.362589671 4.989985073 -1 5.326775524 5.522905911 5.440645534 -1 6.822741174
10 -1 2.686269057 3.065024581 3.695211793 2.393437995 3.096836074 2.405264847 1.298721028 0.9574772816 0 1.284580223 2.004723265 0.9557293805 0.8335196786 2.327156397 -1 3.312849629 2.358957183 3.019277173 3.172539498 2.821380394 2.972508181 6.751798356 3.125207133 3.769026703 3.549733931 4.113790885 4.741186288 -1 5.077976739 5.274107127 5.191846749 -1 6.573942387
11 -1 3.186443391 3.556199043 4.092848397 2.899691481 3.46099735 2.913940117 1.819776938 1.553513436 1.284580223 0 1.35711969 1.214613607 1.336960126 2.008314756 -1 3.424849065 2.51466403 3.164643543 3.317745193 2.968307682 3.119485483 6.898534809 3.272050449 3.915769737 3.696491084 4.260546092 4.887941578 -1 5.22473204 5.420862428 5.338602059 -1 6.720697695
12 -1 3.90621258 4.276678878 4.820714058 3.618980662 4.191506242 3.633102467 2.537929926 2.265687323 2.004723265 1.35711969 0 1.963777559 2.015210996 1.836531464 -1 3.715969208 2.852745508 3.491614751 3.644543757 3.296956025 3.448187565 7.226978096 3.600608562 4.244220096 4.024956612 4.589009529 5.216404971 -1 5.553195577 5.749325955 5.667065608 -1 7.04916124
13 -1 2.925556159 3.299259865 3.876942308 2.636137519 3.259776188 2.649408328 1.549787906 1.250792825 0.9557293805 1.214613607 1.963777559 0 0.9701723287 2.323287427 -1 3.357642033 2.408686952 3.067838965 3.221082977 2.870118329 3.021251775 6.800514752 3.173935595 3.817743843 3.598452666 4.1625094 4.789904813 -1 5.126695265 5.322825652 5.240565276 -1 6.622660914
14 -1 2.796982102 3.175900776 3.807782771 2.50404102 3.210013888 2.516288787 1.409321772 1.066783945 0.8335196786 1.336960126 2.015210996 0.9701723287 0 2.257984171 -1 3.138971743 2.174456393 2.837289628 2.990591012 2.639013456 2.790129097 6.569477824 2.942860619 3.586704571 3.367408368 3.931465795 4.558861178 -1 4.895651626 5.091782013 5.009521634 -1 6.391617273
15 -1 4.247659947 4.62039452 5.188003604 3.958896062 4.567232422 3.972509796 2.874174898 2.583076931 2.327156397 2.008314756 1.836531464 2.323287427 2.257984171 0 -1 3.242521598 2.467008374 3.085127082 3.237733776 2.893600781 3.044932679 6.823240028 3.197084787 3.840495064 3.621259913 4.185308924 4.812704667 -1 5.14949516 5.345625553 5.26336521 -1 6.645460837
16 -1 -1 -1 -1 -1 -1 -1 -1 -1 -1 -1 -1 -1 -1 -1 0 -1 -1 -1 -1 -1 -1 -1 -1 -1 -1 -1 -1 -1 -1 -1 -1 -1 -1
17 -1 5.258429802 5.634149884 6.232789011 4.967649189 5.62312286 4.980593896 3.878096583 3.562180258 3.312849629 3.424849065 3.715969208 3.357642033 3.138971743 3.242521598 -1 0 1.962399944 2.315067985 2.458450571 2.194085772 2.345832465 6.114036275 2.492384302 3.1315712 2.912934535 3.476901166 4.104300426 -1 4.441091367 4.637221817 4.554961829 -1 5.937057334
18 -1 4.30708108 4.683104057 5.284891198 4.016095881 4.67635166 4.028972716 2.926053123 2.607618963 2.358957183 2.51466403 2.852745508 2.408686952 2.174456393 2.467008374 -1 1.962399944 0 1.360983668 1.51499417 1.144970652 1.294397128 5.07695439 1.448925285 2.094095633 1.874615049 2.438697958 3.066092252 -1 3.402882562 3.599012932 3.516752442 -1 4.898848119
19 -1 4.966799274 5.342750587 5.943792953 4.675862474 5.334986874 4.688755366 3.585935692 3.268097201 3.019277173 3.164643543 3.491614751 3.067838965 2.837289628 3.085127082 -1 2.315067985 1.360983668 0 0.8499844642 0.9699817104 1.118324993 4.831074752 1.233980886 1.850126443 1.634741245 2.198259915 2.825678308 -1 3.162471676 3.358602439 3.276344381 -1 4.658439227
20 -1 5.120052259 5.496002454 6.097033247 4.829116206 5.488223026 4.842009348 3.739191167 3.421361998 3.172539498 3.317745193 3.644543757 3.221082977 2.990591012 3.237733776 -1 2.458450571 1.51499417 0.8499844642 0 1.101236573 1.227986689 4.913564953 1.329786099 1.933541696 1.720070353 2.283330113 2.910759555 -1 3.247554325 3.443685269 3.361428325 -1 4.743522789
21 -1 4.768993318 5.144955529 5.746110245 4.478049217 5.137344401 4.490939685 3.388104919 3.070176518 2.821380394 2.968307682 3.296956025 2.870118329 2.639013456 2.893600781 -1 2.194085772 1.144970652 0.9699817104 1.101236573 0 0.7875965205 4.563423972 0.9376334678 1.580588989 1.361232273 1.925292772 2.552688035 -1 2.889478468 3.085608853 3.003348461 -1 4.385444105
22 -1 4.92012403 5.296086507 5.8972449 4.62917969 5.288480345 4.64207008 3.539234827 3.221303558 2.972508181 3.119485483 3.448187565 3.021251775 2.790129097 3.044932679 -1 2.345832465 1.294397128 1.118324993 1.227986689 0.7875965205 0 4.483961764 0.7911276963 1.497453118 1.269971278 1.83516873 2.462515401 -1 2.799299668 2.995429259 2.913163912 -1 4.295261285
23 -1 8.699400191 9.075361006 9.676502052 8.408456985 9.067731288 8.42134775 7.31851483 7.000597429 6.751798356 6.898534809 7.226978096 6.800514752 6.569477824 6.823240028 -1 6.114036275 5.07695439 4.831074752 4.913564953 4.563423972 4.483961764 0 4.376411938 4.084946594 4.296530755 4.826987554 5.455814564 -1 5.792786016 5.988939707 5.906823144 -1 7.288869595
24 -1 5.072815187 5.448776736 6.049925479 4.781871475 5.44115747 4.794762073 3.691928231 3.374004455 3.125207133 3.272050449 3.600608562 3.173935595 2.942860619 3.197084787 -1 2.492384302 1.448925285 1.233980886 1.329786099 0.9376334678 0.7911276963 4.376411938 0 1.382275512 1.137045569 1.704789519 2.332027242 -1 2.668797675 2.864925485 2.782649194 -1 4.164750275
25 -1 5.716628928 6.092589782 6.6937313 5.425685685 6.084960707 5.438576439 4.335743449 4.017825675 3.769026703 3.915769737 4.244220096 3.817743843 3.586704571 3.840495064 -1 3.1315712 2.094095633 1.850126443 1.933541696 1.580588989 1.497453118 4.084946594 1.382275512 0 1.21651683 1.730512955 2.360051016 -1 2.697111975 2.893277163 2.811231695 -1 4.193253856
26 -1 5.497336823 5.87329793 6.474440466 5.206393669 5.865670236 5.219284401 4.116451268 3.798532688 3.549733931 3.696491084 4.024956612 3.598452666 3.367408368 3.621259913 -1 2.912934535 1.874615049 1.634741245 1.720070353 1.361232273 1.269971278 4.296530755 1.137045569 1.21651683 0 1.158630201 1.781195524 -1 2.117375032 2.313426761 2.230681003 -1 3.612942649
27 -1 6.061393819 6.437354759 7.038497153 5.770450519 6.429726873 5.783341254 4.680508147 4.362589671 4.113790885 4.260546092 4.589009529 4.1625094 3.931465795 4.185308924 -1 3.476901166 2.438697958 2.198259915 2.283330113 1.925292772 1.83516873 4.826987554 1.704789519 1.730512955 1.158630201 0 1.404274037 -1 1.771402663 1.971288741 1.911554471 -1 3.285966047
28 -1 6.688789227 7.064750166 7.665892513 6.397845926 7.05712229 6.410736662 5.307903554 4.989985073 4.741186288 4.887941578 5.216404971 4.789904813 4.558861178 4.812704667 -1 4.104300426 3.066092252 2.825678308 2.910759555 2.552688035 2.462515401 5.455814564 2.332027242 2.360051016 1.781195524 1.404274037 0 -1 1.694199265 1.931451642 2.077501586 -1 3.383989994
29 -1 -1 -1 -1 -1 -1 -1 -1 -1 -1 -1 -1 -1 -1 -1 -1 -1 -1 -1 -1 -1 -1 -1 -1 -1 -1 -1 -1 0 -1 -1 -1 -1 -1
30 -1 7.025579678 7.401540617 8.00268302 6.734636377 7.393912742 6.747527113 5.644694005 5.326775524 5.077976739 5.22473204 5.553195577 5.126695265 4.895651626 5.14949516 -1 4.441091367 3.402882562 3.162471676 3.247554325 2.889478468 2.799299668 5.792786016 2.668797675 2.697111975 2.117375032 1.771402663 1.694199265 -1 0 1.369107443 2.11544853 -1 3.225350879
31 -1 7.221710066 7.597671004 8.198813435 6.930766765 7.59004313 6.9436575 5.840824392 5.522905911 5.274107127 5.420862428 5.749325955 5.322825652 5.091782013 5.345625553 -1 4.637221817 3.599012932 3.358602439 3.443685269 3.085608853 2.995429259 5.988939707 2.864925485 2.893277163 2.313426761 1.971288741 1.931451642 -1 1.369107443 0 2.22295405 -1 3.205259771
32 -1 7.139449689 7.515410628 8.116553031 6.848506388 7.507782754 6.861397123 5.758564015 5.440645534 5.191846749 5.338602059 5.667065608 5.240565276 5.009521634 5.26336521 -1 4.554961829 3.516752442 3.276344381 3.361428325 3.003348461 2.913163912 5.906823144 2.782649194 2.811231695 2.230681003 1.911554471 2.077501586 -1 2.11544853 2.22295405 0 -1 2.419751825
33 -1 -1 -1 -1 -1 -1 -1 -1 -1 -1 -1 -1 -1 -1 -1 -1 -1 -1 -1 -1 -1 -1 -1 -1 -1 -1 -1 -1 -1 -1 -1 -1 0 -1
34 -1 8.521545327 8.897506258 9.498648669 8.230602026 8.889878392 8.243492762 7.140659652 6.822741174 6.573942387 6.720697695 7.04916124 6.622660914 6.391617273 6.645460837 -1 5.937057334 4.898848119 4.658439227 4.743522789 4.385444105 4.295261285 7.288869595 4.164750275 4.193253856 3.612942649 3.285966047 3.383989994 -1 3.225350879 3.205259771 2.419751825 -1 0
